APUESTAS: -nombreApostador -ApuestaId -caballoApostado -cotizacionPorlaApuesta -Apuesta -Ventanilla
Apostador-4 1 0 3.000000 4.000000 1
Apostador-1 1 0 3.000000 5.000000 1
Apostador-2 1 0 1.333333 1.000000 1
Apostador-3 1 0 1.285714 8.000000 1
Apostador-4 1 2 3.000000 9.000000 1
Apostador-1 1 0 3.000000 2.000000 1
Apostador-2 1 1 3.000000 5.000000 1
Apostador-3 1 1 1.666667 2.000000 1
Apostador-4 1 0 1.666667 4.000000 1
Apostador-1 1 1 3.000000 3.000000 1
Apostador-2 1 0 3.000000 3.000000 1
Apostador-3 1 2 3.000000 4.000000 1
Apostador-4 1 2 2.600000 4.000000 1
Apostador-1 1 2 3.000000 5.000000 1
Apostador-2 1 0 3.000000 5.000000 1
Apostador-3 1 1 3.000000 5.000000 1
Apostador-4 1 2 1.333333 1.000000 1
Apostador-1 1 0 3.000000 4.000000 2
Apostador-2 1 0 1.400000 1.000000 2
Apostador-3 1 2 3.000000 3.000000 2
Apostador-4 1 1 3.000000 3.000000 2
Apostador-1 1 2 3.000000 1.000000 2
Apostador-1 1 0 3.000000 4.000000 2
Apostador-1 1 1 3.000000 2.000000 2
Apostador-2 1 0 3.000000 1.000000 2
Apostador-3 1 2 3.000000 4.000000 2
Apostador-4 1 1 1.666667 1.000000 2
Apostador-5 1 0 3.000000 2.000000 2
